 , ,Fino. BP,MAP,Systolic,Diastolic,MSNA Iowa Int.,MSNA Iowa Int.,MSNA Iowa Int.,MSNA Iowa Int.
Sel Start,Sel Duration,Cmt Text,Value,Value,Value,Cmt Text,Cmt No,Minimum,Max - Min
s,s, ,mmHg,mmHg,mmHg, , ,V,V
10720.30256,1.325,Air Breathing Baseline,67.79895782,109.1262512,49.12496567,BURST,432,0.5691,0.2128
10721.62756,1.625,Air Breathing Baseline,70.08319092,106.5643005,50.28013611,BURST,432,0.5666,0.0819
10723.25256,1.38,Air Breathing Baseline,69.69706726,110.875145,51.90625,BURST,432,0.5584,0.1325
10724.63256,1.72,Air Breathing Baseline,74.7614212,112.2520142,51.37496185,BURST,432,0.5469,0.1003
10726.35256,1.46,Air Breathing Baseline,73.18811798,114.8760376,55.49944305,BURST,433,0.5641,0.2106
10727.81256,1.515,Air Breathing Baseline,76.84288788,114.4104309,53.06243515,BURST,433,0.5331,0.1347
10729.32756,1.41,Air Breathing Baseline,76.92446136,116.5315399,57.40595627,BURST,434,0.5503,0.1644
10730.73756,1.695,Air Breathing Baseline,80.25434113,116.7813797,57.27894974,BURST,434,0.5422,0.1006
10732.43256,1.38,Air Breathing Baseline,77.54576111,118.2514038,61.21869659,BURST,434,0.5506,0.1447
10733.81256,1.3,Air Breathing Baseline,81.22135162,119.8455582,57.93749619,BURST,434,0.5617,0.0689
10735.11256,1.74,Air Breathing Baseline,79.35450745,114.2195129,61.31203079,BURST,434,0.5225,0.1113
10736.85256,1.8,Air Breathing Baseline,78.12573242,122.343895,62.34302139,BURST,434,0.5266,0.1864
10738.65256,1.51,Air Breathing Baseline,75.68759155,121.5952072,57.37450027,BURST,435,0.565,0.1953
10740.16256,1.455,Air Breathing Baseline,77.0876236,119.0952911,55.71863937,BURST,435,0.5338,0.1084
10741.61756,1.29,Air Breathing Baseline,76.12948608,118.0627823,56.53123856,BURST,435,0.5544,0.2188
10742.90756,1.21,Air Breathing Baseline,77.87171936,115.3753967,56.06151581,BURST,435,0.5381,0.0591
10744.11756,1.61,CAL,80.9429245,116.8442001,57.59371567,BURST,435,0.5331,0.0822
10745.72756,1.5,CAL,84.40158844,118.4069443,59.18745804,BURST,435,0.5313,0.0813
10747.22756,1.625,CAL,84.40158844,118.4069443,59.18745804,BURST,435,0.5438,0.0609
10748.85256,1.565, ,84.40158844,118.4069443,59.18745804,BURST,435,0.5331,0.1106
10750.41756,1.825, ,72.34143066,112.156395,54.59202576,BURST,438,0.5228,0.3384
10752.24256,1.565, ,67.05027771,110.5938187,53.87384415,BURST,438,0.5347,0.3022
10753.80756,1.57, ,65.78004456,103.9690781,48.40621185,BURST,438,0.5378,0.0822
10755.37756,1.47, ,68.67436981,99.56269073,48.96874619,BURST,438,0.5503,0.0984
10756.84756,1.625, ,71.6217041,106.0001984,54.12457275,BURST,438,0.5353,0.1593
10758.47256,1.325, ,73.61148071,108.0317535,55.74996948,BURST,439,0.5647,0.3184
10759.79756,1.545, ,69.80393219,106.9379272,52.68742371,BURST,439,0.5459,0.0669
10761.34256,1.425, ,78.19551086,111.9375076,61.56192398,BURST,439,0.5363,0.065
10762.76756,1.645, ,80.47976685,111.8438721,60.15618515,BURST,439,0.5388,0.0953
10764.41256,1.51, ,77.8664093,112.1573334,64.24980927,BURST,439,0.5444,0.0753
10765.92256,1.575, ,79.48112488,112.4072952,60.34375,BURST,440,0.5506,0.2197
10767.49756,1.31, ,80.18846893,110.3750076,61.81178665,BURST,441,0.5441,0.2647
10768.80756,1.415, ,82.72155762,115.84375,57.71737289,BURST,441,0.5356,0.0787
10770.22256,1.14, ,82.87041473,114.9701462,66.78012085,BURST,441,0.5428,0.1197
10771.36256,1.26, ,82.87041473,114.9701462,66.78012085,BURST,441,0.5478,0.0653
10772.62256,1.41, ,91.06134796,122.0317764,72.46814728,BURST,441,0.5363,0.0763
10774.03256,1.515, ,93.11841583,129.1587524,72.7186203,BURST,441,0.5403,0.0594
10775.54756,1.355, ,90.3345871,130.46875,71.59316254,BURST,441,0.5494,0.0641
10776.90256,1.535, ,89.17588806,126.1260376,68.18732452,BURST,441,0.5553,0.0778
10778.43756,1.425, ,83.98371124,123.7813034,68.09331512,BURST,442,0.5613,0.1412
10779.86256,1.455, ,80.90959167,118.8126678,63.15603256,BURST,442,0.555,0.0791
10781.31756,1.28, ,78.13978577,115.5000916,61.93736267,BURST,443,0.5428,0.1947
10782.59756,1.49, ,78.26798248,111.6880264,59.6248703,BURST,443,0.5203,0.0859
10784.08756,1.25, ,74.92362213,111.4376068,61.37327576,BURST,444,0.5344,0.1537
10785.33756,1.55, ,77.48532867,108.75,57.71875,BURST,444,0.5303,0.0947
10786.88756,1.38, ,76.0063858,112.0629883,62.1867981,BURST,444,0.5547,0.0828
10788.26756,1.475, ,77.79337311,110.5626144,57.99996185,BURST,444,0.5266,0.0844
10789.74256,1.32, ,76.58778381,111.125,61.49998474,BURST,445,0.5475,0.1891
10791.06256,1.525, ,79.27076721,111.0314255,59.09365845,BURST,445,0.5328,0.0884
10792.58756,1.31, ,77.64366913,113.0001602,62.84371948,BURST,445,0.5363,0.1116
10793.89756,1.56, ,79.98717499,111.3763046,59.59291458,BURST,445,0.5259,0.0941
10795.45756,1.32, ,78.32469177,113.5323868,63.31237411,BURST,446,0.5341,0.2078
10796.77756,1.525, ,80.00881195,110.1568985,59.12342453,BURST,446,0.5391,0.1197
10798.30256,1.24, ,79.16690063,111.6885757,63.28033066,BURST,446,0.5388,0.0959
10799.54256,1.125, ,83.14424896,110.6257248,60.28124237,BURST,446,0.5522,0.0591
10800.66756,1.53, ,83.14424896,110.6257248,60.28124237,BURST,446,0.5609,0.0859
10802.19756,1.54, ,84.59735107,118.2500916,71.8114624,BURST,446,0.5316,0.0694
10803.73756,1.325, ,85.67747498,121.5947495,64.71843719,BURST,446,0.5388,0.0691
10805.06256,1.7, ,87.9307251,125.0937576,65.03125,BURST,446,0.5238,0.0666
10806.76256,1.575, ,81.85424042,126.5961533,68.62415314,BURST,446,0.5331,0.0697
10808.33756,1.735, ,79.23419952,123.0314484,60.34363174,BURST,446,0.5306,0.0909
10810.07256,1.685, ,73.5401535,118.2501068,59.53116608,BURST,447,0.5388,0.1303
10811.75756,1.695, ,70.58961487,113.1592331,54.65497589,BURST,448,0.5363,0.2053
10813.45256,1.305, ,66.77623749,108.8437576,53.15604019,BURST,449,0.5294,0.2403
10814.75756,1.245, ,68.86683655,104.1879654,50.5310936,BURST,449,0.5266,0.0703
10816.00256,1.5, ,72.7780304,106.9384995,52.71875,BURST,449,0.5297,0.1016
10817.50256,1.51, ,73.64002991,109.6875992,55.15389633,BURST,449,0.5416,0.0541
10819.01256,1.51, ,75.16583252,114.1261978,55.68746948,BURST,449,0.5322,0.12
10820.52256,1.495, ,74.9821167,114.3443756,57.03003693,BURST,449,0.5172,0.1597
10822.01756,1.495, ,76.61262512,115.3450699,57.40591812,BURST,449,0.5303,0.1122
10823.51256,1.5, ,73.43154144,112.6887512,58.78087997,BURST,450,0.5487,0.1981
10825.01256,1.49, ,75.96842194,115.5009842,57.34336853,BURST,450,0.5487,0.0959
10826.50256,1.655, ,75.1654892,112.0958328,57.71843719,BURST,450,0.5313,0.0731
10828.15756,1.46, ,75.8261261,114.2812653,58.74972153,BURST,451,0.5062,0.155
10829.61756,1.505, ,77.03978729,112.8138351,57.59367371,BURST,451,0.5356,0.0884
10831.12256,1.435, ,78.97050476,116.1564255,60.46853256,BURST,451,0.5391,0.0581
10832.55756,1.345, ,77.97286224,115.3450928,60.18747711,BURST,451,0.5216,0.1231
10833.90256,1.25, ,81.31847382,118.9065857,61.56152725,BURST,451,0.5166,0.1081
10835.15256,1.39, ,82.31498718,116.4083557,62.81144714,BURST,451,0.5212,0.0672
10836.54256,1.24, ,85.98241425,122.8760376,64.71857452,BURST,451,0.5344,0.0572
10837.78256,1.315, ,88.33168793,122.9385452,65.49894714,BURST,451,0.5256,0.0759
10839.09756,1.25, ,88.86531067,127.0008774,68.15612793,BURST,451,0.5397,0.0606
10840.34756,1.325, ,87.57440948,124.6908798,67.90602875,BURST,451,0.5322,0.0659
10841.67256,1.305, ,86.46405792,125.7814026,67.43599701,BURST,451,0.5119,0.0822
10842.97756,1.355, ,81.10231018,119.5320129,65.03027344,BURST,451,0.5297,0.0891
10844.33256,1.395, ,80.81932068,119.1898422,63.968647,BURST,451,0.5206,0.0963
10845.72756,1.365, ,76.96642303,113.6250229,62.62471771,BURST,452,0.5369,0.1188
10847.09256,1.365,CAL,76.54897308,113.6876221,59.90624619,BURST,452,0.5459,0.1025
10848.45756,1.465,CAL,82.5938797,108.75,59.28039932,BURST,453,0.52,0.1472
10849.92256,1.2,CAL,82.5938797,108.75,59.28039932,BURST,454,0.5253,0.1741
10851.12256,1.25, ,82.5938797,108.75,59.28039932,BURST,454,0.5381,0.0572
10852.37256,1.225, ,74.62820435,110.1875076,66.31201172,BURST,454,0.5347,0.0763
10853.59756,1.215, ,69.02565002,101.9697876,50.90589905,BURST,454,0.5469,0.0678
10854.81256,1.46, ,72.4743042,98.90626526,51.24902725,BURST,454,0.5253,0.0716
10856.27256,1.25, ,74.87847137,105.500061,55.3748703,BURST,457,0.5372,0.1797
10857.52256,1.325, ,75.67738342,105.5312576,55.68747711,BURST,457,0.5463,0.2841
10858.84756,1.18, ,80.64003754,112.5003967,58.21823883,BURST,457,0.5263,0.0719
10860.02756,1.32, ,81.38417053,110.8125381,59.46870804,BURST,457,0.5178,0.0891
10861.34756,1.28, ,80.72729492,115.4377899,63.09339905,BURST,457,0.52,0.0594
10862.62756,1.26, ,82.62559509,115.6251831,59.81031799,BURST,457,0.5313,0.0584
10863.88756,1.425, ,82.8117218,117.1877975,61.84301758,BURST,457,0.5319,0.0984
10865.31256,1.265, ,77.34339905,115.9069672,62.78094864,BURST,458,0.5363,0.2578
10866.57756,1.48, ,78.91225433,114.2816315,56.96754837,BURST,458,0.5247,0.0809
10868.05756,1.275, ,75.73086548,114.2217941,59.46822357,BURST,458,0.5322,0.0697
10869.33256,1.435, ,77.40151215,110.1568832,55.28100586,BURST,458,0.5319,0.0988
10870.76756,1.255, ,77.07382202,112.5652771,60.03062439,BURST,459,0.5328,0.2031
10872.02256,1.345, ,80.51660156,111.219162,56.96704865,BURST,459,0.5206,0.1109
10873.36756,1.2, ,82.79384613,116.875,62.15397644,BURST,459,0.5288,0.0641
10874.56756,1.365, ,89.14609528,120.781662,62.59330368,BURST,459,0.5425,0.0613
10875.93256,1.24, ,88.29727173,124.4381409,69.43651581,BURST,459,0.5278,0.0975
10877.17256,1.66, ,88.46734619,122.9376373,65.12467957,BURST,459,0.5275,0.0634
10878.83256,1.51, ,81.21386719,123.6885757,68.0302124,BURST,460,0.5369,0.1525
10880.34256,1.575, ,77.17041016,114.8128128,58.21852493,BURST,460,0.5222,0.0791
10881.91756,1.54, ,75.10343933,113.1876678,57.59337616,BURST,460,0.5363,0.0622
10883.45756,1.425, ,71.94716644,107.2813492,54.3744278,BURST,461,0.51,0.2444
10884.88256,1.455, ,75.28368378,111.9388199,55.24957657,BURST,462,0.5428,0.1294
10886.33756,1.27, ,73.7441864,110.40625,57.1875,BURST,462,0.5303,0.1038
10887.60756,1.43, ,78.7299118,111.5630569,55.31242371,BURST,462,0.5303,0.0847
10889.03756,1.285, ,76.51586151,111.9695282,60.21873856,BURST,462,0.5228,0.0806
10890.32256,1.58, ,81.33766937,113.0948639,58.03020477,BURST,462,0.5322,0.1059
10891.90256,1.505, ,77.14206696,112.7502365,62.99804688,BURST,462,0.5119,0.0688
10893.40756,1.625, ,78.64915466,112.1266403,56.3406105,BURST,462,0.5172,0.1353
10895.03256,1.44, ,74.80088806,112.5940018,58.49866867,BURST,463,0.5275,0.2884
10896.47256,1.465, ,74.19166565,108.0941086,53.87459946,BURST,463,0.5191,0.0784
10897.93756,1.35, ,75.97135925,112.5625076,57.18659592,BURST,463,0.5278,0.07
10899.28756,1.39, ,77.06106567,110.562912,56.56045914,BURST,463,0.5263,0.1138
10900.67756,1.33, ,79.79108429,116.1269913,59.40624619,BURST,463,0.5134,0.0778
10902.00756,1.63, ,79.99453735,113.531456,59.43749619,BURST,463,0.5256,0.0687
10903.63756,1.455, ,77.71542358,116.0005493,61.56144714,BURST,464,0.5303,0.1488
10905.09256,1.54, ,77.46544647,111.9380264,56.96805573,BURST,464,0.5175,0.08
10906.63256,1.485, ,76.42195129,115.9067307,59.24982452,BURST,465,0.5222,0.1253
10908.11756,1.53, ,73.3579483,110.6891556,55.28124619,BURST,465,0.5328,0.0903
10909.64756,1.475, ,73.11584473,112.5940323,54.96846771,BURST,465,0.5319,0.0556
10911.12256,1.55, ,71.65650177,107.7818832,53.03121567,BURST,465,0.5391,0.1881
10912.67256,1.355, ,71.21015167,108.9378586,55.03125,BURST,466,0.5328,0.3566
10914.02756,1.465, ,73.20613098,106.7202072,51.53119659,BURST,466,0.5212,0.0703
10915.49256,1.295, ,75.53849792,110.8752518,56.87498856,BURST,466,0.52,0.0978
10916.78756,1.28, ,80.33866882,112.7189255,57.43665695,BURST,466,0.5263,0.0516
10918.06756,1.415, ,82.12031555,113.9063568,62.37497711,BURST,466,0.5009,0.09
10919.48256,1.25, ,85.78173828,122.1566772,64.65620422,BURST,466,0.5288,0.0537
10920.73256,1.265, ,87.5330658,121.40625,63.53114319,BURST,466,0.5281,0.0525
10921.99756,1.145, ,85.88378906,121.5018387,67.1556778,BURST,466,0.5238,0.1041
10923.14256,1.26, ,85.88378906,121.5018387,67.1556778,BURST,466,0.5238,0.095
10924.40256,1.275, ,84.6139679,119.281723,65.65596771,BURST,466,0.5334,0.0575
10925.67756,1.49, ,84.02649689,118.0947495,62.8125,BURST,466,0.5272,0.0959
10927.16756,1.31, ,78.91229248,119.96875,63.81203079,BURST,467,0.5434,0.2291
10928.47756,1.455, ,68.8034668,109.5941315,55.81249619,BURST,467,0.5513,0.0686
10929.93256,1.23, ,57.25616455,104.1256866,48.43731308,BURST,468,0.5363,0.24
10931.16256,1.34, ,65.8193512,104.7816391,25.21874046,BURST,468,0.5256,0.0722
10932.50256,1.185, ,65.8193512,104.7816391,25.21874046,BURST,469,0.5244,0.1697
10933.68756,1.385, ,72.41130066,102.1256256,45.62465286,BURST,469,0.5291,0.0634
10935.07256,1.27, ,71.49435425,108.6877518,52.40559387,BURST,469,0.5112,0.0697
10936.34256,1.405, ,75.82156372,108.7813034,48.52640152,BURST,469,0.5203,0.0728
10937.74756,1.305, ,72.23154449,109.4690857,54.52993011,BURST,470,0.5409,0.2019
10939.05256,1.17, ,74.59305573,109.5315323,49.40575027,BURST,470,0.5275,0.0781
10940.22256,1.235, ,74.59305573,109.5315323,49.40575027,BURST,470,0.5275,0.0669
10941.45756,1.63, ,74.76654053,108.7815323,55.5291214,BURST,470,0.52,0.0772
10943.08756,1.54, ,75.05282593,113.6255569,57.09237289,BURST,470,0.5338,0.11
10944.62756,1.385, ,75.83698273,117.9695129,53.5624733,BURST,471,0.5316,0.1437
10946.01256,1.475,CAL,78.02423096,117.9705658,53.78078079,BURST,471,0.5175,0.0841
10947.48756,1.475,CAL,83.92544556,117.5634537,56.46875,BURST,471,0.5316,0.0731
10948.96256,1.39,CAL,83.92544556,117.5634537,56.46875,BURST,471,0.5169,0.1222
10950.35256,1.495, ,83.92544556,117.5634537,56.46875,BURST,471,0.5231,0.095
10951.84756,1.39, ,74.61984253,115.0939255,55.84283066,BURST,471,0.5203,0.085
10953.23756,1.47, ,74.90606689,112.0937576,52.15607452,BURST,471,0.5103,0.1234
10954.70756,1.35, ,73.56718445,113.1876755,54.03096771,BURST,472,0.5203,0.2297
10956.05756,1.44, ,75.43822479,111.5329514,52.15595627,BURST,472,0.5288,0.0728
10957.49756,1.28, ,77.1547699,113.8750381,55.68652344,BURST,472,0.5409,0.1141
10958.77756,1.29, ,81.16993713,117.6259995,56.56246567,BURST,472,0.5162,0.0641
10960.06756,1.275, ,81.69274902,117.3753738,60.27957535,BURST,472,0.5269,0.0672
10961.34256,1.285, ,87.08153534,123.7814026,61.84363174,BURST,472,0.5238,0.0719
10962.62756,1.285, ,86.79428101,123.4376526,64.81246185,BURST,472,0.5188,0.0772
10963.91256,1.155, ,87.97422028,127.2815933,64.99901581,BURST,472,0.515,0.0884
10965.06756,1.34, ,87.97422028,127.2815933,64.99901581,BURST,472,0.5212,0.0653
10966.40756,1.17, ,86.31285858,126.7515411,66.56243134,BURST,472,0.5438,0.0687
10967.57756,1.33, ,88.24237061,125.5942612,61.71834183,BURST,472,0.5184,0.0784
10968.90756,1.22, ,83.16918182,123.9106674,64.43747711,BURST,472,0.5266,0.0797
10970.12756,1.28, ,84.94657135,123.9062653,59.59368134,BURST,472,0.5156,0.0831
10971.40756,1.185, ,80.76065063,121.2825699,62.0303688,BURST,475,0.5169,0.1272
10972.59256,1.225, ,82.02436066,121.1875,58.68652344,BURST,475,0.5228,0.0684
10973.81756,1.155, ,78.9716568,118.5005722,60.49962234,BURST,475,0.5309,0.0887
10974.97256,1.175, ,78.9716568,118.5005722,60.49962234,BURST,475,0.53,0.0681
10976.14756,1.17, ,75.94805145,115.8439713,57.87388229,BURST,475,0.5344,0.0794
10977.31756,1.06, ,75.94805145,115.8439713,57.87388229,BURST,475,0.5478,0.0534
10978.37756,1.165, ,76.56303406,117.7191086,56.15623093,BURST,475,0.5388,0.0662
10979.54256,1.11, ,75.34638214,114.4383087,58.18695068,BURST,475,0.5528,0.0778
10980.65256,1.125, ,75.34638214,114.4383087,58.18695068,BURST,475,0.5681,0.0681
10981.77756,1.11, ,76.37233734,115.3125,53.53116226,BURST,476,0.5344,0.1481
10982.88756,1.095, ,74.08955383,111.4375534,56.34370804,BURST,476,0.5272,0.0675
10983.98256,1.195, ,76.02302551,114.8440018,54.68618011,BURST,476,0.5234,0.0769
10985.17756,1.055, ,76.13716125,116.5631485,56.906147,BURST,477,0.535,0.1322
10986.23256,1.045, ,76.13716125,116.5631485,56.906147,BURST,477,0.5319,0.0622
10987.27756,1.155, ,77.25794983,115.1573257,53.28104782,BURST,477,0.5419,0.0625
10988.43256,1.265, ,76.75428772,113.8445129,57.43624878,BURST,477,0.5191,0.075
10989.69756,1.225, ,75.38634491,118.9379654,56.53062439,BURST,478,0.5263,0.1234
10990.92256,1.185, ,73.5054245,115.8751068,52.37462616,BURST,478,0.5172,0.085
10992.10756,1.38, ,71.2927475,112.2502365,52.43738174,BURST,478,0.5259,0.0791
10993.48756,1.305, ,68.63982391,112.2188721,52.15561295,BURST,479,0.5166,0.1837
10994.79256,1.3, ,67.86095428,108.0315323,46.34370041,BURST,479,0.5216,0.0847
10996.09256,1.205, ,66.09378815,105.3442764,49.12392426,BURST,480,0.5406,0.2194
10997.29756,1.21, ,69.68624115,107.0011444,48.06164932,BURST,480,0.5247,0.0844
10998.50756,1.26, ,69.73818207,107.1251831,51.59371948,BURST,480,0.5263,0.0938
10999.76756,1.11, ,72.83348083,110.4063339,52.46874619,BURST,481,0.5334,0.1856
11000.87756,1.215, ,72.83348083,110.4063339,52.46874619,BURST,481,0.5153,0.0691
11002.09256,1.15, ,75.07500458,112.1574326,57.96672058,BURST,481,0.5394,0.0809
11003.24256,1.235, ,75.07500458,112.1574326,57.96672058,BURST,481,0.5484,0.0622
11004.47756,1.19, ,77.39229584,115.5943069,60.12441254,BURST,482,0.5603,0.1388
11005.66756,1.16, ,80.43874359,118.875351,57.5625,BURST,482,0.5684,0.08
11006.82756,1.115, ,80.43874359,118.875351,57.5625,BURST,482,0.5397,0.0637
11007.94256,1.235, ,79.12124634,115.5639725,59.43748474,BURST,482,0.5569,0.0834
11009.17756,1.145, ,83.81342316,124.3753204,63.84328079,BURST,482,0.5616,0.0828
11010.32256,1.395, ,83.81342316,124.3753204,63.84328079,BURST,482,0.5659,0.1019
11011.71756,1.245, ,80.22311401,125.0018463,63.74789047,BURST,483,0.5934,0.1209